Interval  del Ecc                       del SMA                       del INCL                      del RAAN                   OBS

# R1 = 1.0*re

67.0      3.6359884059422587E-006       1.1247361260757316E-002       5.3662027576888149E-006       8.3155995342920619E-006    16,21,29
61.0      3.8730111517892851E-006       7.4675653286249144E-003       6.9966204364994844E-006       1.3393016312923667E-005    16,21,28
59.0      Nan                           Nan                           Nan                           Nan                        16,21,27
55.0      Nan                           Nan                           Nan                           Nan                        16,21,26
51.0      Nan                           Nan                           Nan                           Nan                        16,21,25
47.0      Nan                           Nan                           Nan                           Nan                        16,21,24
43.0      Nan                           Nan                           Nan                           Nan                        16,21,23
41.0      Nan                           Nan                           Nan                           Nan                        16,21,22
35.0      Nan                           Nan                           Nan                           Nan                        17,21,22
26.0      Nan                           Nan                           Nan                           Nan                        18,21,22
13.0      Nan                           Nan                           Nan                           Nan                        19,21,22
09.0      7.7568681606243750E-006       0.23900571666126780           3.7260448556952763E-005       1.8026930351494608E-005    20,21,22

# R1 = 2.0*re

67.0      3.6359884056091918E-006       1.1247361268033274E-002	5.3662027640517806E-006       8.3155995342920619E-006    16,21,29
61.0	3.8730111516227517E-006       7.4675653213489568E-003	6.9966204492219464E-006       1.3393016312923667E-005    16,21,28
59.0	3.8928492408774051E-006       1.0364554564148420E-003	6.3865917395988792E-006       1.2597586806356587E-005    16,21,27
55.0	3.7330688733017148E-006       8.5915957715769764E-003	7.1702905630327551E-006       1.2252868195977706E-005    16,21,26
51.0	3.8067057992474673E-006       8.7280812240351224E-003	7.1468527837355300E-006       1.2963891616646350E-005    16,21,25
47.0	3.7945566963848432E-006       3.2310765629517846E-002	9.3540238653017083E-006       1.6448769489141313E-005    16,21,24
43.0	3.8799907890185725E-006       2.5342176119011128E-002	8.6616058471884749E-006       1.6186111139737669E-005    16,21,23
41.0	3.6278697783664882E-006       7.4954609315682319E-002	1.3416228492890009E-005       2.1394267926994059E-005    16,21,22
35.0	3.7269921876192935E-006       8.1160345929674804E-002	1.3987124114253624E-005       2.0836283159297864E-005    17,21,22
26.0	3.9871054764162306E-006       7.5943407582599320E-002	1.5499349952978470E-005       2.3896214974533647E-005    18,21,22
13.0	3.6243079152287194E-006       0.10719194208104454		1.3374482877408223E-005       1.4584467143363700E-005    19,21,22
09.0	7.7568681736139844E-006       0.23900571703961759		3.7260448626924569E-005       1.8026930402370578E-005    20,21,22

# R1 = 4.0*re

67.0      3.6359884056091918E-006       1.1247361289861146E-002       5.3662027640517806E-006       8.3155995342920619E-006    16,21,29
61.0      3.8730111511231513E-006       7.4675653613667237E-003       6.9966204492219464E-006       1.3393016312923667E-005    16,21,28
59.0      3.8928492408218940E-006       1.0364554764237255E-003       6.3865917205169209E-006       1.2597586755452861E-005    16,21,27
55.0      3.7330688741621376E-006       8.5915957806719234E-003       7.1702905566732589E-006       1.2252868195977706E-005    16,21,26
51.0      3.8067058005519794E-006       8.7280811912933132E-003       7.1468527837355300E-006       1.2963891616646350E-005    16,21,25
47.0      3.7945566953856424E-006       3.2310765680449549E-002       9.3540238462197500E-006       1.6448769489141313E-005    16,21,24
43.0      3.8799907885189722E-006       2.5342176018966711E-002       8.6616058662739026E-006       1.6186111190613639E-005    16,21,23
41.0      3.6278697690683703E-006       7.4954609473934397E-002       1.3416228461085589E-005       2.1394267876118089E-005    16,21,22
35.0      3.7269921860094701E-006       8.1160345760508790E-002       1.3987124095168196E-005       2.0836283108394138E-005    17,21,22
26.0      3.9871054743900736E-006       7.5943407613522140E-002       1.5499349972063897E-005       2.3896215025409617E-005    18,21,22
13.0      3.6243079136744072E-006       0.10719194191005954           1.3374482864689230E-005       1.4584467194267425E-005    19,21,22
09.0      7.7568681851047927E-006       0.23900571544254490           3.7260448652369493E-005       1.8026930707709665E-005    20,21,22
