##########################################################################################
#
# Observations Example 7-2 from Vallado p.447
#
#--------------------------------------------------------------------------------------
#
# Observation Site Data: (20.08.2012)
#                       deg             rad
        Longitude:     -110            -1.91986
        Latitude :       40             0.698132
        Altitude :       -               -        2000 [m]
#
#--------------------------------------------------------------------------------------
#
# Observations Data
#
      Obs.#         h   min  s            RA°              Dec°           RA(rad)           Dec(rad)              Mjd
      01            11  32  28.00         333.028738        –2.022317     5.812447981847   -0.035296090169        56159.48087963
      02            11  36  28.00         345.235515         7.648921     6.025496431553    0.13349885567         56159.48365741
      03            11  40  28.00           0.939913        18.667717     0.016404576532    0.32581312548         56159.48643500
      04            11  44  28.00          21.235600        29.086871     0.3706311386      0.507661668052        56159.48921296
      05            11  48  28.00          45.025748        35.664741     0.785847550771    0.62246715732         56159.49199100
      06            11  52  28.00          67.886655        36.996583     1.184845647910    0.64571218534         56159.49476900
      07            11  56  28.00          86.208078        34.719667     1.50461480291     0.605972504345        56159.49754630
      08            12  00  28.00          99.845522        30.928387     1.74263310227     0.53980218548         56159.50032407
      09            12  04  28.00         110.078585        26.767438     1.921233744182    0.467179925422        56159.50310185
      10            12  08  28.00         118.058822        22.680214     2.060515154921    0.395844409356        56159.50587963
      11            12  12  28.00         124.552101        18.801899     2.173844252721    0.328155043177        56159.50865741
      12            12  16  28.00         130.038810        15.154469     2.26960538987     0.264495380441        56159.51143519
      13            12  20  28.00         134.823380        11.722965     2.35311188966     0.204604337346        56159.51421296
      14            12  24  28.00         139.104912         8.483073     2.427838720091    0.14805755454         56159.51699074
      15            12  26  28.00         141.101028         6.927305     2.462677516543    0.12090428054         56159.51837963
      16            15  27  37.462        350.381575        12.436401     6.115312122058    0.217056144548        56159.64418359
      17            15  33  37.000          4.481945        20.804251     0.078224697143    0.36310267836         56159.64834491
      18            15  42  37.000         33.975311        31.465966     0.592981041338    0.549184709019        56159.65459491
      19            15  55  37.000         87.115025        29.937704     1.5204440142      0.522511505286        56159.66362269
      20            15  59  37.000        100.238533        25.459835     1.749492438215    0.444357947763        56159.66640046
      21            16  03  37.000        111.046950        20.372891     1.93813490179     0.355574026099        56159.66917824
      22            16  08  37.000        121.939936        13.936510     2.128253372866    0.24323798574         56159.67265046
      23            16  10  37.000        125.667901        11.445839     2.193318636515    0.199767576203        56159.67403935
      24            16  14  37.000        132.311580         6.685301     2.30927270951     0.11668051394         56159.67681713
      25            16  18  37.000        138.119705         2.242199     2.410643614127    0.039133755035        56159.67959491
      26            16  22  37.000        143.318703        -1.892553     2.501383247032   -0.033031281118        56159.68237269
      27            16  26  37.000        148.073915        -5.745811     2.584377353062   -0.10028332015         56159.68515046
      28            16  28  37.000        150.324633        -7.576589     2.623659792696   -0.13223642412         56159.68653935
      29            16  34  37.000        156.712780       -12.729927     2.73515399095    -0.222179139688        56159.69070602


